0,0.017517071,0.037095583,0.005399167,0.000762248,0,0.086892739,0.004368824,0.001489909,0,0.078983895,0.001051283,0.022865706,0.000492719,0.00087103,0,0.024748162,0.002141,0.043838445,0.019404572,0.000163012,8.16E-05,0.000693449,0.000274567,7.07E-05,0,7.03E-05,0,0.041006154,0.00064243,0.000406036,0.000132499,0.02239511,0.019647752,0.000541377,0.000320115,0.040206333,0.000491366,0.004592344,0.000133116,0.000493482,8.20E-05,0.00011043,0,0.000996658,6.52E-05,0,0.00016376,0.001738123,6.48E-05,0.005409313,0.000209457,0.001267918,0,0.000545286,5.34E-05,0.240701496,0.006445881,0.021127141,0.000963009,0.023542845,0.000474777,0.011265464,0.001726303,0.012762738,0.000224877,0.009714027,0.001377106,0.039957363,0.00617219,0.020385508,0.000955892,0.083498045,0.00190554,0.023962834,0.000730282,0.073810314,0.002732423,0.000332488,8.27E-05,0.004570457,0.000546436,0.000841068,0,0.010462228,0.00011869,0.000427838,0,0.005290397,4.30E-05,0.000516507,0.000267487,0.000783261,0.000158793,0.002859425,0.002804586,0.000465255,0,0.000458243,0.000217315,0.000587372,0.000433604,0.000162417,0.000300699,0.002826955,0.001590975,0.000749906,8.24E-05,0.000344012,0.001957426,0.000226723,0.00023836,0.00033051,0,8.34E-05,0.00101846,0,0
0.017517071,0,0.004467488,0.050924255,6.62E-05,0.000268492,0.001393958,0.097115885,6.48E-05,0.001197152,0.000928136,0.063854547,0.00023406,0.01562665,0.000111751,0.001865672,0.001597816,0.050870856,0.015562367,0.063378838,0.0001545,0,0.000268974,0.001217801,0,0,6.71E-05,0.000211416,0.001201693,0.012472961,0.000194137,0.000634095,0.008676558,0.020470669,0.000293988,0.000379607,0.00107904,0.013872134,0,0.005286456,0,7.77E-05,0,0.000170358,0.000169176,0.001124859,0,5.26E-05,6.17E-05,0.002109181,4.52E-05,0.006271178,6.72E-05,0.000207922,0,0.000412191,0.005342427,0.192302287,0.000781942,0.010420645,0.00094399,0.024649093,0.001518653,0.019502829,0.000251945,0.011319631,0.000968907,0.004712378,0.011407845,0.022834567,0.001222691,0.035961363,0.004835878,0.077553677,0.000695249,0.019384615,0.004267244,0.083604358,7.87E-05,0.000626297,0.000256509,0.00322488,0.000173195,0.000468878,0.000136729,0.010480888,6.80E-05,0.000182254,0.000178464,0.004467827,0.000167301,0.001298308,0.000431267,0.000919846,0.002307723,0.002656457,0.00044525,0.000394932,0.00011029,0.000576444,0.000209849,0.000344507,0.000156683,0.000484743,0.002090992,0.002688913,0.000552159,0.001874121,0.000406388,0.001623251,0.000431406,0.00045242,0.000156513,7.79E-05,7.89E-05,0.000481599,0,8.23E-05
0.037095583,0.004467488,0,0.0094082,0.024782822,0.000265896,0.10745822,0.011885791,0.013536487,0.001748197,0.019435964,0.004800199,0.026827852,0.004557957,0.012692254,0.001692629,0.007319003,0.001106646,0.061726469,0.008812368,0.000458348,7.65E-05,0.075403627,0.006620429,0.011554517,0.002781918,0.001927743,0.000348784,0.037338101,0.001281766,0.002949002,0.007853732,0.015199426,0.007949704,0.001308948,0.000150184,0.008014159,0.000398208,0.000973331,6.31E-05,0.000154083,0,0.000528192,0,0.001006796,6.19E-05,0.000666815,0.000156732,0.000183425,0,0.000718584,0.000100409,0.000332934,0,0.000104381,5.11E-05,0.005727636,0.000519522,0.002793802,0.000108257,0.000832748,0.000282941,0.000457801,0.000401254,0.000686556,0.000161212,0.005295057,0.000472724,0.003074424,0.000198952,0.038699393,0.001939551,0.065678103,0.002255809,0.013826821,0.00045643,0.043921373,0.002337851,0.000155618,0,0.001069355,0.000175577,0.001316769,0,0.00190473,0.000229907,0.001010407,0,0.001684472,4.15E-05,0.000166289,0.000215031,0.000106978,0.000355078,0.001573317,0.000772529,6.30E-05,6.52E-05,5.47E-05,0.000156022,0,0,0,9.63E-05,0.001135529,0.000750879,0.000233955,7.72E-05,0.000481966,0.000993694,0.000142313,0,0,7.71E-05,7.80E-05,0.00031736,0,0
0.005399167,0.050924255,0.0094082,0,0.001646299,0.006160164,0.006440878,0.124590274,0.001488095,0.016911276,0.001775523,0.016162591,0.002766691,0.013552069,0.001614379,0.010799136,0.000573011,0.008526497,0.008446928,0.026125323,0.000220087,0.000220353,0.005131997,0.06049304,0.001224779,0.010487275,0.00038501,0.004235009,0.001842736,0.010603478,0.002416507,0.02600796,0.005579377,0.024966518,0,0.000793794,0.000773495,0.005509995,0.00012538,0.001281543,0,0,0,0.000109314,0,0.00017977,0,0.0005589,5.92E-05,0.00047602,8.77E-05,0.001075321,0,0.000132323,0,9.95E-05,0.00110789,0.003520645,0.000201319,0.001682882,0.000101245,0.001482539,0.000126334,0.001025491,0.000120755,0.000522207,0.000256498,0.002166448,0.00123738,0.001088383,0.004067671,0.02886057,0.004372208,0.044095667,0.00066026,0.010302499,0.002379935,0.036781328,7.47E-05,7.43E-05,9.91E-05,0.00145782,5.55E-05,0.000676133,0.000133596,0.002027179,0,0.000349926,4.33E-05,0.000649482,4.07E-05,0.000210146,0.000155958,9.87E-05,0.001207319,0.001705599,0.000182843,0.000125956,0.000159405,0.000202342,0,6.58E-05,0.000100842,0.000140743,0.000709151,0.001119157,0.000149661,0.000222354,0.000384926,0.000954269,0.000205564,0.00014339,0.000148539,7.40E-05,0,0.000456465,0,0.000155751
0.000762248,6.62E-05,0.024782822,0.001646299,0,0.000521558,0.005078804,0.000960223,0.142630235,0.00267658,0.000842034,0.000148159,0.003110675,0.000510412,0.109244657,0.001976285,0.000170227,0.000126944,0.00171052,0,0.027375627,0.003701256,0.012385077,0.002771932,0.030628411,0.007061661,0.045723227,0.002180809,0.019429133,0.000346721,0.003329634,0.001509548,0.002204724,0.000200914,0.001793722,0,0.003167899,0,0.008660838,0.000152567,0.00460892,0,0.000103724,0,0.000116455,0,0.000574416,0,0.000141563,0,0.00053952,0,0.000349253,0,0.000506637,0,0.000347897,6.36E-05,0.000498157,0.000108897,0.000201572,0.000119332,0.000166694,0,0.000891464,0.00021465,0.000958702,0.000337197,0.000125826,0,0.048955973,0.005343264,0.026220692,0.00096401,0.006054225,0,0.00518688,0.000765111,0,0,0.000289953,7.41E-05,0.00550425,0,0.001392411,0,0.003420958,0,0.002185792,0,0,0,0.000106338,0,0,0.000273748,0.000304159,0,0.000111259,0,0,0,0,0,0.000176072,0.00055991,0.000283166,0,0,0.000263783,0.000209996,0,0,0,0,0.000301887,0.001328904,0
0,0.000268492,0.000265896,0.006160164,0.000521558,0,0.000279244,0.00130944,0.002135699,0.128299568,0.000174551,0.000305787,8.33E-05,0.000938771,0.002341372,0.086975012,0,0.000391211,0,0,0,0.028543445,0.000926498,0.005665425,0.005299708,0.009290692,0.000721631,0.126370219,0.000223401,0.022620951,0.001147917,0.00124698,0,0.000615669,0,0,0,0.00107778,0,0.001260736,0.000287398,0.003989741,0,0.000121139,0.00011936,0.000150444,0,0.000311187,0.000145879,0,0,0.000383951,0,0.000197103,0,0.000397871,0,0,0.00010175,0,0,0.000244768,0,0.000191626,0,0,0,0.000257433,0,0,0.006791171,0.036701859,0.000174201,0.019783873,0,0.003017833,0.000630318,0.003161556,0,0,0,0.000150585,0,0.004930582,0,0.002048563,0,0.003377665,0,0.002946416,0,0,0.000108755,0,0,0.00029036,0,0,0,0.000102801,0,0,0,0,0.000182799,0,0,0,0,0.000279174,0.000219635,0,0,0,0,0,0,0
0.086892739,0.001393958,0.10745822,0.006440878,0.005078804,0.000279244,0,0.009490025,0.028943873,0.000582673,0.041621756,0.003544411,0.089291939,0.003052461,0.011672128,0.001102561,0.002717994,0.000499226,0.005160239,0.003467668,0,0,0.005253906,0.006074724,0.000280355,0.00066817,5.58E-05,0.000174444,0.024255219,0.00062482,0.001354243,0.004739589,0.00410545,0.005382667,0.000180576,0,0.002859466,0.000111548,0.000218902,0,6.31E-05,0,9.18E-05,0,0.000337504,5.26E-05,9.59E-05,0,0.000364251,0,0.001671442,0,0,0,9.08E-05,4.46E-05,0.006768708,0.000251031,0.00166738,0.000328076,0.002627347,4.87E-05,0.000165266,8.77E-05,0.001694556,4.66E-05,0.001555603,0.000208195,0.00119397,0.000167215,0.038335041,0.002127718,0.030657902,0.00299279,0.004889516,0.000562236,0.020685785,0.002675442,0,0,0.000533333,0.000116986,0.000344336,0,0.003068578,0.000138124,0.00016942,0,0.001534165,0.00011129,3.72E-05,7.66E-05,9.28E-05,0.000132884,0.000513677,0.000316326,5.34E-05,0,0,9.05E-05,5.78E-05,0,0,4.23E-05,0.00067291,0.000171316,0.00012751,0.000189711,6.53E-05,6.27E-05,0,0,0.000190042,0,0,0.00032329,0,0
0.004368824,0.097115885,0.011885791,0.124590274,0.000960223,0.00130944,0.009490025,0,0.000850521,0.037374087,0.001441926,0.029328769,0.003876899,0.061224078,0.001185511,0.011518902,0.00033748,0.004880193,0.008183504,0.009679659,5.36E-05,0,0.007813476,0.019180754,0.000875976,0.001112535,0.000387982,0.000351556,0.001789504,0.008163265,0.002550237,0.009864136,0.005206518,0.010917734,0.000103479,0.000264648,0.000632619,0.002712718,0,0.000653534,5.39E-05,0,4.08E-05,0.000214303,8.53E-05,0.000368265,0,0.000121374,0,0.00041206,7.18E-05,0.002706466,0,9.93E-05,0,0.000437724,0.000903033,0.009640838,0.000160614,0.001704746,0.000201698,0.007828799,9.58E-05,0.006231995,9.26E-05,0.004465578,0.000457304,0.001982791,0.000920447,0.000532559,0.001834345,0.029937985,0.004611616,0.026076855,0.000428575,0.005768768,0.002240635,0.026118445,0,0.000270343,0.000118982,0.002151068,8.68E-05,0.000438914,5.72E-05,0.007640456,4.90E-05,0.000450816,0.000142172,0.00316813,0.000101247,0.000104064,0.000164802,7.91E-05,0.000218723,0.000593936,4.66E-05,4.78E-05,0,8.06E-05,0,4.94E-05,4.02E-05,0.000189746,0.000340682,0.000494425,0.000108702,0.000215895,5.55E-05,0.000321569,0.000101887,0,0,0,0,5.50E-05,0,0
0.001489909,6.48E-05,0.013536487,0.001488095,0.142630235,0.002135699,0.028943873,0.000850521,0,0.00325779,0.000797067,0,0.035853715,9.87E-05,0.161897423,0.003517942,0.000161044,0,9.73E-05,0.000187354,0.007256894,0.003157256,0.002815649,0.003275272,0.003656915,0.008467677,0.00180713,0.003904072,0.014215763,0,0.001355013,0.001293196,0.00030426,9.72E-05,0.000417101,0,0.001828154,0,0.002788752,0,0.002236858,0,0,0,0,0,0.000221251,0,0.000135153,0,0.000450806,0,0,0,0,0,0.000170634,0,9.64E-05,0,0.000292483,0,0,0,0.000849197,0,0.000215905,8.20E-05,0.000120736,0,0.0310619,0.006757795,0.021640543,0.001067236,0.006047412,0.00023872,0.003773585,0.000582242,0.000256706,0,9.36E-05,0,0.001997532,0,0.00107611,5.83E-05,0.001188657,0,0.001470318,0,0,0,0,9.30E-05,0.000532552,0.000501505,0.000289415,0,0,0,0,0,0,8.46E-05,0,0,0.000258632,0,0,0,0,0,0,0,0,0,0.000896861,0
0,0.001197152,0.001748197,0.016911276,0.00267658,0.128299568,0.000582673,0.037374087,0.00325779,0,0,0.003726625,0.00046225,0.019791666,0.003152916,0.064752362,0,0.001041486,0,0.000540346,0,0.003079292,0.002082585,0.003617497,0.003878976,0.006544901,0.000306937,0.011707989,0.000403002,0.009132905,0.00155565,0.002842255,0,0.000466483,0,0,0.000155135,0.001376147,0,0.00027328,0,0,0,0.000108366,0,0.000131234,0,0.000471098,0.000127747,0.000258465,7.28E-05,0.000438943,0,0.000165385,0,0.000272072,5.55E-05,0.000424358,0,0,0,0.000656168,0,0.001051709,0,0.000495958,6.98E-05,0.000395993,0,0.000152637,0.009221097,0.022910663,0.002830119,0.018460217,0.000219154,0.001732352,0.000683153,0.005069188,0,0.000227713,0,0.000841839,0.000111863,0.001267281,4.79E-05,0.001707456,0.000158278,0.000371356,7.13E-05,0.000513908,6.44E-05,6.79E-05,0,0,0,0.000226398,0,0,0,9.35E-05,0,0,9.29E-05,0,0.00031039,0.000163345,0,0,0,0.000219539,0,0,0,0,0,0,0,0.000265041
0.078983895,0.000928136,0.019435964,0.001775523,0.000842034,0.000174551,0.041621756,0.001441926,0.000797067,0,0,0.000891994,0.102599857,0.000204645,0.000572869,0,0.131931985,0.000636578,0.020876406,0.003392459,0.000264831,0,0.001598417,0.000102907,0,0,0.000174551,0,0.072550201,0.000115882,0.000159134,0.000302961,0.006945906,0.002617933,0.000450755,0,0.002473935,0,0,0,0,0,0,0,0.000350304,0.000146349,0,0.000101766,0.000284051,0,0.001467011,0,0.000525993,0,0.000101564,0,0.023398265,0.000445619,0.001098462,0,0.006970401,0.00011966,0.013721553,9.41E-05,0.005367126,0,0.000738716,0.000168926,0.0013881,0.000346951,0.009889333,0.000162522,0.011642622,0.000322529,0.002383475,0.000261028,0.005817514,0.000767813,0,0,0.00455272,0.000148506,0.008341,0,0.007716818,0.000119168,0.000542397,0,0.004454679,0,0,0,0,0,0,0,0,0,0,0,0,0,0,0,0.000176788,0.000187441,0,0,0,0.000265393,0,0,0,0,0,0,0,0
0.001051283,0.063854547,0.004800199,0.016162591,0.000148159,0.000305787,0.003544411,0.029328769,0,0.003726625,0.000891994,0,0.000768965,0.101941515,0,0.005671714,0,0.067851374,0.003915354,0.017342859,0,0,0.001792179,0.004938741,0,0.000303283,0,0,0.000904523,0.050736151,0.000140934,0.006340213,0.002133126,0.020013031,0,0.000207727,0,0.001980349,0,0.000817105,0,0.000443803,9.59E-05,0,0.000106661,0.000261626,0,0,0,0.000644122,7.27E-05,0.001401603,0,0,0,0.000271469,0.000221791,0.010351089,9.24E-05,0.001303716,9.34E-05,0.008725527,0.00014733,0.014954742,0.000132996,0.003760142,6.97E-05,0.001185677,0.000228938,0.001824818,0.000278474,0.030440088,0.002819828,0.023244207,0.000435967,0.002584814,0.001634098,0.012698846,0,0,0,0.002030955,0.000111557,0.000229766,0,0.003978516,0,0.000246822,0,0.002116538,0,6.78E-05,0,0,0.000237586,0.000450298,0.000135796,0,0,0,0,0,0,0,0.000154607,0,0,0,0,0,0,0,0,0,0,0,0,0
0.022865706,0.00023406,0.026827852,0.002766691,0.003110675,8.33E-05,0.089291939,0.003876899,0.035853715,0.00046225,0.102599857,0.000768965,0,0.002492057,0.091296811,0.000882223,0.00478173,7.08E-05,0.008707197,0.000602591,0,9.96E-05,0.014369592,0.003938608,8.38E-05,0.000663295,8.33E-05,0.000177007,0.095092925,0.000402482,0.002228945,0.004192709,0.007794677,0.001418921,0.000279981,0,0.002094329,0,8.08E-05,0,0.000201136,0,6.29E-05,0,0.000336882,0,0,0,0.000225242,0,0.000988065,0,0.000667696,0,0.000186058,0,0.008467545,9.10E-05,0.001166217,0,0.004141683,0.000204988,0.004243512,5.92E-05,0.00223326,6.42E-05,0.000807469,0.000220781,0.000844922,0.000249118,0.019686129,0.001045773,0.022368798,0.001682827,0.004077979,0.000296765,0.012412178,0.001407349,0.000305639,0,0.004698371,0,0.00090087,0,0.007661964,8.67E-05,0.000254044,0,0.003175823,0,0,0,0.000127722,0,0,0.000201857,7.79E-05,0,0.000131208,0,0,8.60E-05,0,0,0.000335163,0.000172221,0,0.000100857,0,9.95E-05,0,0,0.000101138,0,0,0,0,0
0.000492719,0.01562665,0.004557957,0.013552069,0.000510412,0.000938771,0.003052461,0.061224078,9.87E-05,0.019791666,0.000204645,0.101941515,0.002492057,0,0.00023836,0.067960441,0,0.011782284,0.001016445,0.003597884,0,0.000131277,0.004589315,0.012080587,0.000105086,0.000518618,0.000312924,0.000225251,0.000692494,0.054294292,0.001084599,0.022180792,0.000898204,0.007977084,0.000120555,0.000254437,0.000420301,0.001248569,0,9.63E-05,0,0,0,0.00032523,0.000161005,0.000187073,0,0.000146151,0,0,0.000178471,0.001037201,0.000104586,0.000109679,0,7.09E-05,0.00018974,0.005570746,0.000144175,0.000614534,7.27E-05,0.006958657,0,0.012637249,0,0.003421403,0.000229951,0.000764453,0.000424358,0.000831385,0.000782128,0.02457297,0.001941847,0.030022865,0,0.004942125,0.000769971,0.015525554,0,0.00040201,7.05E-05,0.00467519,0,0.000340397,4.18E-05,0.007218643,0.000106508,8.97E-05,5.85E-05,0.002414422,0,0,0,7.01E-05,0,0,0,0,0,7.26E-05,0,0,0,0,0.000210205,0,0,0.000133422,0,0,0,0,0,0,0,0.000139909,0,0
0.00087103,0.000111751,0.012692254,0.001614379,0.109244657,0.002341372,0.011672128,0.001185511,0.161897423,0.003152916,0.000572869,0,0.091296811,0.00023836,0,0.002096098,0.000461654,9.37E-05,0.000785639,7.62E-05,0.014873273,0.003195131,0.010156103,0.004469095,0.014756227,0.008259656,0.026106298,0.003829461,0.081579717,0.000611754,0.002638232,0.00244304,0.000730816,7.85E-05,0.000275862,0,0.001770538,0,0.010101577,0,0.002006637,0,0.000160888,8.89E-05,0,0.00010367,0.000434991,0,0,0,0.000444036,0.000149065,0.000234838,0,0.000473971,0,0.000548998,5.40E-05,0.000545724,0,0.000157332,0,0.000113779,0,0.000420146,0,0.000366972,6.82E-05,0,0.000116584,0.048783145,0.006580415,0.036958635,0.001109385,0.008954318,0.000301023,0.012199037,0.000428954,0.000157468,0,0.000532866,0,0.01176417,9.34E-05,0.001615791,0.000102062,0.002396932,0,0.002926981,5.68E-05,5.70E-05,0,0.000164015,7.57E-05,0.000644071,0.000155207,0.00021355,0,8.49E-05,0,0,0,7.82E-05,0,0.000472283,0.000490918,0.00015819,0.000155039,0,0.000303905,0,0,0,0,0,0,0,0
0,0.001865672,0.001692629,0.010799136,0.001976285,0.086975012,0.001102561,0.011518902,0.003517942,0.064752362,0,0.005671714,0.000882223,0.067960441,0.002096098,0,0,0.003382334,0,0.000714643,0,0.022728802,0.002200547,0.011423452,0.00246411,0.014589281,0.000744285,0.016672416,0.000780366,0.091666325,0.000803213,0.006908295,0.000227652,0.001175822,0.000123259,0.000130234,0,0.001060558,0,0.001959344,0,0.001221001,7.52E-05,0.000412643,0,0.000570939,0,0.000222181,0.000186619,0.0002823,0,0.000420168,0,0.000335739,0,0.000503036,4.78E-05,0.00108334,7.30E-05,0.000311624,7.37E-05,0.001329677,0,0.003986293,9.63E-05,0.00115647,0.000290478,0.000708968,0,0.000529633,0.009754641,0.030420186,0.00218693,0.042421787,0.000402576,0.003596643,0.000489812,0.005791127,0,0.000824119,0,0.002683233,0,0.004754084,0,0.004154651,0,0.001641213,0.0001182,0.002384049,0,5.68E-05,0,7.10E-05,0.000282745,0.000273748,0,0.000103098,0,7.36E-05,0,0,0,0,0.000214305,0.000332926,0,0.000136743,0,0,0,0,0,0,0,0,0,0
0.024748162,0.001597816,0.007319003,0.000573011,0.000170227,0,0.002717994,0.00033748,0.000161044,0,0.131931985,0,0.00478173,0,0.000461654,0,0,0.000128353,0.011063744,0.002730775,0,0,0.000611878,0,0,0,0,0,0.138842973,0.000583703,0.000160759,0.000152952,0.004237962,0.001621403,0.000685949,0,0.003931731,0.000175762,0.000165755,0,0.000277624,0,0,0,0.00035292,0,0.000232072,0.000102428,0.000286636,0.000145191,0.000387958,9.49E-05,0.000177305,0,0.000102223,0,0.128321678,0.001534036,0.002713431,0.000659594,0.010167251,0.000120576,0.118562363,0.000568209,0.005719446,0,0.001632835,0.000594429,0.004070729,0.000877039,0.004280958,0.000164217,0.013644892,0.000162933,0.002424242,0,0.010976269,0.000930449,0.016983305,0.000282406,0.053898637,0.000223814,0.005686735,0,0.012735673,0,0.000365798,0.000138351,0.002427737,0.000203853,6.81E-05,0,0,0,0.00029994,0,0,0,0,0,0,0,0,0,0.000178795,0,0,0,0,0.000269942,0,0,0,0,0,0,0,0
0.002141,0.050870856,0.001106646,0.008526497,0.000126944,0.000391211,0.000499226,0.004880193,0,0.001041486,0.000636578,0.067851374,7.08E-05,0.011782284,9.37E-05,0.003382334,0.000128353,0,0.001855757,0.022110716,0.000174963,0,0,0.00111521,0,0.000129492,0,0,0.000270807,0.103321029,0,0.000936658,0.001048813,0.013141268,0.000156826,0.000504881,0.00052642,0.001169971,0.00037332,0.000354149,0,0,0.000173048,0.000192669,0.000190413,0.000569963,0,0,0.000111352,0.000224959,0,0.000637781,0,0,0,0.000164217,0.000887126,0.068393019,0.000250973,0.001711789,0.00016894,0.012625649,0.000126334,0.078885571,0,0.004361759,0.000258456,0.002104652,0.001317924,0.007917965,0.000240674,0.020883535,0.001525553,0.035378664,0,0.003812495,0.000708257,0.014080341,0,0.002705628,0.000163092,0.009930552,9.91E-05,0.000406814,0,0.00352517,0,0.000108331,0,0.001196208,0,0.000125964,0,0,0.000374742,0.000718197,0.000117758,0,0,0,0,0,0,0,0,0.000412399,0,0.000537972,0.000197083,0,0,0,0,0,0,0.000191241,0,0
0.043838445,0.015562367,0.061726469,0.008446928,0.00171052,0,0.005160239,0.008183504,9.73E-05,0,0.020876406,0.003915354,0.008707197,0.001016445,0.000785639,0,0.011063744,0.001855757,0,0.021302601,0,0,0.019021501,0.000728969,0.001138893,0.000306639,0.000925022,0,0.016287389,0.000791766,0.002041908,0.001414827,0.118496572,0.015288545,0.001659259,0,0.011077178,0.000102527,0.001287511,0,0.000260892,0,0.000220289,0,0.000397947,9.23E-05,0.000236556,0,0.000633972,0.000182623,0.000530911,6.85E-05,0,0,0,0,0.007114587,0.001420671,0.005422955,7.60E-05,0.000791395,0.000242768,0.000400942,0.000410298,0.000186776,0,0.009579472,0.000631313,0.133920334,0.003584229,0.021984379,0.000886394,0.050871362,0.002744694,0.010030219,0.000510758,0.039022074,0.00313912,0,0.000131492,0.000349065,5.72E-05,0.000493705,0,0.000373653,0.000240575,0.000104915,0,0.000289939,5.32E-05,0.000266802,0.000111492,0.00014946,6.94E-05,0.000946202,0.001703689,9.48E-05,9.98E-05,0.000154256,0.00014374,0.000109559,0.000214018,0,0.000129358,0.000310655,0.001178298,0.000133174,0.000130933,0.000420463,0.000643625,0.000228846,0.000123556,0.000131406,0.000261028,0,0.000274348,0,0.000143133
0.019404572,0.063378838,0.008812368,0.026125323,0,0,0.003467668,0.009679659,0.000187354,0.000540346,0.003392459,0.017342859,0.000602591,0.003597884,7.62E-05,0.000714643,0.002730775,0.022110716,0.021302601,0,0.000122279,0,0.000627138,0.011827615,0,0.000392734,0.000296121,0.000106123,0.001403198,0.011433834,0.000935804,0.006361612,0.012802071,0.245578547,0.000113135,0.000475936,0.001192724,0.009650419,0.000381007,0.004298715,0.000123954,0.000247005,0,7.79E-05,0,0.000534045,7.64E-05,0.000140563,0,0.00070466,5.76E-05,0.00073304,9.90E-05,0,0,6.83E-05,0.003699336,0.01292857,0.000416204,0.004719068,0.000419551,0.001097265,0.000385431,0.001464226,0.000270039,0.000730114,0.000891912,0.007573192,0.008193729,0.154428759,0.00092829,0.026243487,0.007164642,0.042818069,0.001100514,0.011296004,0.005396013,0.072017592,0,0,0,0.000671535,0.000159305,0.000244002,0.000204182,0.000849658,0.000100675,8.55E-05,5.67E-05,5.21E-05,0.000261206,0.000490731,0.000290213,0.000675607,0.001282133,0.003610558,0.00027386,0.000383675,0.000224433,0.000558835,0,0.000102601,0.000417246,0.000126084,0.001292439,0.001643217,0.000379243,0.000870755,0,0.001101591,0.000218794,0.000117716,0.000499282,0,0.000126558,0.000910096,0,0.000135355
0.000163012,0.0001545,0.000458348,0.000220087,0.027375627,0,0,5.36E-05,0.007256894,0,0.000264831,0,0,0,0.014873273,0,0,0.000174963,0,0.000122279,0,0.01789571,0.001091008,0,0.018755328,0,0.102228415,0.001734906,0.000857204,0,0.046562124,0,0.005025126,0.001924928,0.00435161,0.000536625,0.013068181,0,0.021225522,0,0.060923681,0,0.000133708,0,0,0,0.000764234,0,0.000203998,0.000207814,9.25E-05,0,0,0,0.000908265,0,0.000132586,0,0.000126984,0.00014243,0.000128866,0,0,0,0.000656671,0,0.001403755,0.000103087,0,0,0.074205363,0.002989537,0.028250825,0,0.001221747,0,0.002959253,0.000457352,0,0,0.000610911,0,0.004988775,0,0.000278598,0,0.005011793,0,0.002521273,0,0,0,0.000138083,0,0,0.000670691,0,0,0,0,0,0,0,0,0,0,0,0,0,0.000613874,0,0,0,0,0,0,0.022405661,0
8.16E-05,0,7.65E-05,0.000220353,0.003701256,0.028543445,0,0,0.003157256,0.003079292,0,0,9.96E-05,0.000131277,0.003195131,0.022728802,0,0,0,0,0.01789571,0,0.000728432,0.001851362,0.006281228,0.044107512,0.007835455,0.197522244,0,0.004324992,0.001453312,0.106612689,0.000136119,0.00321502,0,0.001082837,0.000285429,0.005003474,0,0.007312614,0.000662252,0.090938613,0,0.000159096,0,0.000213789,0,0.000391083,0,0.000417058,0,0.000710185,0,0.000322165,0,0.000618506,6.64E-05,0,0,0,0,0,0,0.000118099,0,0.000140076,0.000175724,0.000826105,0,0,0.118861209,0.2183865,0.000265182,0.028179459,0,0,0.001827945,0.001377252,0,0,0,0.000353607,0,0.009760349,0,0.001504016,0,0.005451713,0,0.004356608,0,0,0,0,0,0,0,0,0,0,0,0,0,0,0,0,0,0,0,0,0,0,0,0,0,0,0,0.016857315
0.000693449,0.000268974,0.075403627,0.005131997,0.012385077,0.000926498,0.005253906,0.007813476,0.002815649,0.002082585,0.001598417,0.001792179,0.014369592,0.004589315,0.010156103,0.002200547,0.000611878,0,0.019021501,0.000627138,0.001091008,0.000728432,0,0.008205189,0.051082991,0.003998155,0.013125386,0.000980072,0.017663418,0.000504652,0.042348412,0.007956888,0.028460388,0.002156868,0.004631218,0,0.00100916,7.71E-05,0.000525545,7.27E-05,0.00055104,0,0.001009441,0,0.00038006,0,0.000817379,0,0.000280426,0,0.000297405,0,0,0,0.000175757,0,0.000736302,0.000130824,0.00098625,6.10E-05,5.84E-05,0,0.00045458,0.00011207,0.00043071,0,0.007080925,0.000104918,6.60E-05,7.70E-05,0.040386951,0.003065191,0.035666756,0.001787843,0.005636876,0.000452325,0.017084697,0.001383327,0,0,0.000284957,4.83E-05,0.000650385,6.62E-05,0.000842213,8.33E-05,0.000784068,6.89E-05,0.000830585,9.09E-05,0,0,0.000120453,5.67E-05,9.42E-05,0.000368562,7.26E-05,0,0,5.84E-05,0,7.96E-05,5.81E-05,0,0.000310571,0.000318522,0.000186367,0,0,0,0,0,0,0,0,9.51E-05,0,0
0.000274567,0.001217801,0.006620429,0.06049304,0.002771932,0.005665425,0.006074724,0.019180754,0.003275272,0.003617497,0.000102907,0.004938741,0.003938608,0.012080587,0.004469095,0.011423452,0,0.00111521,0.000728969,0.011827615,0,0.001851362,0.008205189,0,0.002959674,0.128631785,0.001154068,0.018246728,0.001390928,0.009813385,0.005551975,0.173875431,0.001728738,0.077690403,0.000121367,0.000384369,0.000105691,0.002093035,0,0.000387072,0,0.000533511,7.45E-05,0.000326704,0,0.000282074,0,0.000586984,0,0,0,0.000347066,0,0,0,0.000356075,0,0.000410025,0,0.000462874,0,0.000657922,0,0.000901182,0.000190295,0.000381767,0.000173015,0.002045774,0,0.000104526,0.011599331,0.030334991,0.004830918,0.025091219,0.001055618,0.006812078,0.001451449,0.016481651,0,0.000135007,0,0.000984366,8.36E-05,0.000940533,4.19E-05,0.001311603,0,0.000180278,0.000175984,0.000807211,5.39E-05,0,0.00030341,7.04E-05,0.000416667,0.000134544,0,0,0,0.000218723,0,0,7.26E-05,0,0.000528597,0.000218878,0.00013678,0,0,0.000396275,0,0.000126654,0.000134916,0,0,0.000282008,0,0
7.07E-05,0,0.011554517,0.001224779,0.030628411,0.005299708,0.000280355,0.000875976,0.003656915,0.003878976,0,0,8.38E-05,0.000105086,0.014756227,0.00246411,0,0,0.001138893,0,0.018755328,0.006281228,0.051082991,0.002959674,0,0.012486428,0.091191521,0.006087321,0.00720599,0.000119439,0.052098886,0.001103318,0.005300162,0.000103365,0.001196172,0.000266987,0.000925583,0,0.000513743,0,0.002347074,0,0,0,0,0,0.000237403,0,0.000442217,0,0.000315097,9.66E-05,0.000183604,0,0,0,0.000176819,0,0,0,0,0,0.000349711,0,0,0.00011065,0.001129518,0.000172674,0.000130421,0,0.043019546,0.005766622,0.015874416,0.000336474,0.002841716,0,0.004780876,0.000479616,0,0,0,0,0.001773162,0,0.000353018,6.05E-05,0.001706485,0,0.001308951,0,0,0,0,0,0.000318421,0.000296472,0,0,0.000114837,0,0,0,0,0,0,0,0,0,0,0,0,0,0,0,0,0.000329761,0,0
0,0,0.002781918,0.010487275,0.007061661,0.009290692,0.00066817,0.001112535,0.008467677,0.006544901,0,0.000303283,0.000663295,0.000518618,0.008259656,0.014589281,0,0.000129492,0.000306639,0.000392734,0,0.044107512,0.003998155,0.128631785,0.012486428,0,0.004824013,0.173859683,0.001110309,0.008002354,0.006339402,0.063528865,0.000106724,0.002551151,0.000232288,0,0.00018093,0.000711617,0,0.000156262,0,0.001122649,0,0,0,0,0,0.000309454,0,0,7.80E-05,0,0,0,0,0.000197873,0,0.000256797,0,0,0,0.000364742,0,0.00019064,0,0.000109141,0,0.000427077,0,0,0.034784004,0.061949845,0.004141859,0.013511287,0.000548847,0.00243309,0.00125,0.006112853,0,0,0,0.000224963,0,0.001030795,5.01E-05,0.000780734,0.000370439,0.000279349,0.000228789,0.00054615,0,0,0,0,0,0.000285878,0,0,0.000113212,0,0,0,0,8.83E-05,0,0,0,0,0,0,0,0,0,0,0,0,0,0
7.03E-05,6.71E-05,0.001927743,0.00038501,0.045723227,0.000721631,5.58E-05,0.000387982,0.00180713,0.000306937,0.000174551,0,8.33E-05,0.000312924,0.026106298,0.000744285,0,0,0.000925022,0.000296121,0.102228415,0.007835455,0.013125386,0.001154068,0.091191521,0.004824013,0,0.010961738,0.004914828,0,0.068055101,0.000779362,0.007084586,0.000102611,0.00188191,0,0.003106157,0,0.010828187,0,0.00603535,0,0.000636132,0,0.000358081,0,0.000235419,0,0.000145879,0,0.000235008,0,0.000181241,0,0.00010352,0,0.000176082,0.000128845,0.00010175,0,0,0,0,0,0.000306678,0,0.002471725,8.58E-05,0,0,0.123372943,0.002513826,0.00400662,0.000332502,0.000835655,0,0.001575796,0.000158078,0,0,0,7.53E-05,0.005146551,0,0.000502513,0,0.001309635,0,0.001531569,0,0,0,0,0,0.000311381,0.00029036,0,0,0,0,0,0,0,0,0,0,0,0,0,0.000279174,0.000219635,0,0,0,0,0,0.001785077,0
0,0.000211416,0.000348784,0.004235009,0.002180809,0.126370219,0.000174444,0.000351556,0.003904072,0.011707989,0,0,0.000177007,0.000225251,0.003829461,0.016672416,0,0,0,0.000106123,0.001734906,0.197522244,0.000980072,0.018246728,0.006087321,0.173859683,0.010961738,0,0.000121293,0.007885721,0.002226345,0.013140604,0.000116171,0.0006639,0,0.000643397,0,0.002058037,0,0.00248337,0,0.014637629,0,0.000132503,0,0,0.000128411,0.000335852,0,0.000165098,8.29E-05,0.000411946,0,0.000229069,0,0.000428013,6.12E-05,0,0,0,0,0.000133994,0,0,0,0,0,0.000182723,0,0.000205318,0.02812015,0.093363761,0.000397417,0.00979838,0.000346981,0.002042901,0.000354736,0.001245995,0,0,0,7.95E-05,0,0.005000715,0,0.001132859,0,0.001719422,0,0.00129627,0,0,0,0,0,0.000365497,0,0.000194951,0,0.000110871,0,0,0,0,0,0.000225175,0,0,0,0,0,0,0,0,0,0.000834899,0,0.000956023
0.041006154,0.001201693,0.037338101,0.001842736,0.019429133,0.000223401,0.024255219,0.001789504,0.014215763,0.000403002,0.072550201,0.000904523,0.095092925,0.000692494,0.081579717,0.000780366,0.138842973,0.000270807,0.016287389,0.001403198,0.000857204,0,0.017663418,0.001390928,0.00720599,0.001110309,0.004914828,0.000121293,0,0.000337467,0.001577702,0.001323155,0.009979961,0.003192702,0.003263495,0.000968724,0.008330988,0.000668412,0.007188841,0.000102512,0.002177384,0.00014454,0.000389363,8.57E-05,0.001866384,0.000696067,0.001091978,0.000153257,0.001753617,0.00019657,0.003709428,0.000144639,0.001008177,0,0.00153028,0,0.041717613,0.001109233,0.007101039,0.001453547,0.007391884,0.000949873,0.013261591,0.000722204,0.00503474,0.000399425,0.005608424,0.001991635,0.007176175,0.001223854,0.009902022,0.000319949,0.149398911,0.000636639,0.011143653,0.000141753,0.022243863,0.001232602,0.015530248,0,0.027164685,0.000359475,0.043864275,0.000179913,0.019820245,0.000249919,0.020789308,0,0.014209376,0.000166634,0.000278342,5.83E-05,0,0,0.000906208,0.000437733,0.000204583,0,0,7.61E-05,0,0,0,0,0.000563063,0.000116843,0.000148544,0,0.000157282,0.000286062,0,0,0,0,0,0.000307078,0,0
0.00064243,0.012472961,0.001281766,0.010603478,0.000346721,0.022620951,0.00062482,0.008163265,0,0.009132905,0.000115882,0.050736151,0.000402482,0.054294292,0.000611754,0.091666325,0.000583703,0.103321029,0.000791766,0.011433834,0,0.004324992,0.000504652,0.009813385,0.000119439,0.008002354,0,0.007885721,0.000337467,0,0.000444519,0.009875483,0.000654852,0.009172861,0.000699154,0.001637636,0.000358273,0.004487747,0,0.001189704,0,0.002028239,0.00024326,0.001075703,8.87E-05,0.002932705,8.78E-05,0.000877123,0.000205013,0.001758833,0.000446828,0.002703007,0,0.001254076,0,0.002007102,0.000601866,0.014112794,0.000942766,0.003789633,0.000634241,0.004245134,0.000115068,0.018369259,0.000318404,0.002581397,0.001169123,0.004809674,0.000469969,0.004127845,0.000550358,0.037214547,0.00173591,0.126409059,0,0.003208311,0.000324447,0.011813797,0,0.010761197,7.67E-05,0.024286244,0,0.03846335,0.000219293,0.011591229,0.000121278,0.009694184,0.000250642,0.008688445,0,0.000120102,0,0,0,0.000315234,0,0.000114443,0,7.92E-05,0,0.000124085,0,0,0,0.000372694,0.000160694,0,0,0,0,0,0,0,0,0,0,0.000350846
0.000406036,0.000194137,0.002949002,0.002416507,0.003329634,0.001147917,0.001354243,0.002550237,0.001355013,0.00155565,0.000159134,0.000140934,0.002228945,0.001084599,0.002638232,0.000803213,0.000160759,0,0.002041908,0.000935804,0.046562124,0.001453312,0.042348412,0.005551975,0.052098886,0.006339402,0.068055101,0.002226345,0.001577702,0.000444519,0,0.005881931,0.035052174,0.004951216,0.007490637,0.000228754,0.00066357,0.000163345,0.000154667,0,0.001239311,0,0.001301692,0,0.000447778,0,0.000773438,0,0.000134953,0.000136612,0,0,0,0,9.79E-05,0,0.000341054,0.000124397,0.000288934,0.000209886,0.00019478,0,0.000315209,9.10E-05,0.000141313,0,0.005968646,0.00016382,0.000361729,0.000489117,0.054306697,0.005673106,0.009530617,0.001674277,0.001447527,0,0.001593972,0.001598605,0,0,9.35E-05,0,0.000586751,0.000121036,9.78E-05,0,0,0,0.000220369,0,0,0,0,0,0,0,0,0,0,0,0,0,0,0,0,0,0,0,0,0,0,0,0,0,0,0,0.000893921,0
0.000132499,0.000634095,0.007853732,0.02600796,0.001509548,0.00124698,0.004739589,0.009864136,0.001293196,0.002842255,0.000302961,0.006340213,0.004192709,0.022180792,0.00244304,0.006908295,0.000152952,0.000936658,0.001414827,0.006361612,0,0.106612689,0.007956888,0.173875431,0.001103318,0.063528865,0.000779362,0.013140604,0.001323155,0.009875483,0.005881931,0,0.002159297,0.12120927,0,0.007037748,0.000315184,0.001087041,0,0.000969798,0,0,0,0.000766913,0.000108102,0.000398963,0,0.002187767,0,0.000130933,0,0,0,0,0,0,5.58E-05,0.000243977,9.35E-05,0.000203118,9.45E-05,0.000110577,0,0.00070737,0,0.000200381,7.03E-05,0.010138911,0,0.000155015,0.00779368,0.077344838,0.006955996,0.016842104,0.00022409,0.005312673,0.001246796,0.014169619,0,0.000233046,9.08E-05,0.000282606,0,0.000233114,9.63E-05,0.000801397,0,0.000125345,0.000215347,0.000258623,6.48E-05,0,0,0,0.000244858,0,0,0.000149031,0,0,0,0,0,0,0,0,0,0,0,0,0.00036863,0,0,0,0,0,0,0
0.02239511,0.008676558,0.015199426,0.005579377,0.002204724,0,0.00410545,0.005206518,0.00030426,0,0.006945906,0.002133126,0.007794677,0.000898204,0.000730816,0.000227652,0.004237962,0.001048813,0.118496572,0.012802071,0.005025126,0.000136119,0.028460388,0.001728738,0.005300162,0.000106724,0.007084586,0.000116171,0.009979961,0.000654852,0.035052174,0.002159297,0,0.013315087,0.077891327,0.00131761,0.00865239,0.002890792,0.001652295,0.000296487,0.000275767,0.000411975,0.003104884,0.000166279,0.007406798,0.000479846,0.003830949,0,0.000752729,0,0.000665115,0.00049327,0,0.000113039,0.000372218,0,0.017587275,0.003835091,0.017351665,0.001333647,0.001408868,0.001339585,0.003869079,0.001196341,0.001165671,0.000388154,0.135365569,0.002268823,0.073404856,0.006843822,0.031734873,0.001129363,0.020181847,0.003882305,0.003666983,0.000674036,0.021148334,0.005347064,0.000280721,0.000278106,0.002372309,0.001114075,0.000255548,0.000348432,0.001267266,0.000245459,0.000109673,0,0.000891186,0,0,5.71E-05,0,7.15E-05,0.000286348,0.000554247,0.000295873,0.000104053,0,0,0.000229516,0,7.37E-05,0,0.000324552,0.00089666,0,0,0.000297553,0.000407886,0,0.000130208,0,0.00013796,0,0,0.000152114,0
0.019647752,0.020470669,0.007949704,0.024966518,0.000200914,0.000615669,0.005382667,0.010917734,9.72E-05,0.000466483,0.002617933,0.020013031,0.001418921,0.007977084,7.85E-05,0.001175822,0.001621403,0.013141268,0.015288545,0.245578547,0.001924928,0.00321502,0.002156868,0.077690403,0.000103365,0.002551151,0.000102611,0.0006639,0.003192702,0.009172861,0.004951216,0.12120927,0.013315087,0,0.006269593,0.095398431,0.004340861,0.00839347,0.000197765,0.004929844,0,0.000518706,0.00022003,0.003371463,0.000635905,0.003041615,0.000157505,0.010474608,0.000361745,0.001641213,0.000235738,0.001162751,0,0.000107805,0,0.000280584,0.006826742,0.017845374,0.003207298,0.007741054,0.002443319,0.00266699,0.002802102,0.01154411,0.001025737,0.001427391,0.004101746,0.152056002,0.012226782,0.096820366,0.001444113,0.049953291,0.007643569,0.02407634,0.001668271,0.008282892,0.008247618,0.037042314,0.00026476,0.001574597,0.001324965,0.005948296,8.22E-05,0.001091566,0.001369153,0.001298108,0.000104739,0.000265299,0.000579341,0.000532014,5.33E-05,5.57E-05,0,0.000208102,0.00094416,0.000653894,9.46E-05,0.000199203,7.70E-05,0.000143575,0.000109367,0.000106826,7.15E-05,0.00032306,0.000310142,0.000534674,0.00013289,0.000391978,0,0.000642302,0.000685284,0,0,0,0,0.000136874,0,0.000285612
0.000541377,0.000293988,0.001308948,0,0.001793722,0,0.000180576,0.000103479,0.000417101,0,0.000450755,0,0.000279981,0.000120555,0.000275862,0.000123259,0.000685949,0.000156826,0.001659259,0.000113135,0.00435161,0,0.004631218,0.000121367,0.001196172,0.000232288,0.00188191,0,0.003263495,0.000699154,0.007490637,0,0.077891327,0.006269593,0,0.081996433,0.029179622,0.007719298,0.002814767,0.000395765,0.001371429,0.00135318,0.037100736,0.011776533,0.030764888,0.009710551,0.009439855,0.00179673,0.028581701,0.008039466,0.015165381,0.004492658,0.004259851,0.003437789,0.000956023,0.001027221,0.000635102,0.000351358,0.009840675,0.001692268,0.003443772,0.00188981,0.002445531,0.000765446,0.005736686,0.00255869,0.111700806,0.01032669,0.000155123,0.000233291,0.005314257,0.000213904,0.00966618,0.001693839,0.001740644,0.001699958,0.011080332,0.001986492,0.000971109,0.000470256,0.00859194,0.001334501,0.00149824,0.000467654,0.005696475,0.001241424,0.000493462,0.000172013,0.009603536,0.00112765,0.000301614,0,0,0,0.001562907,0.000929368,0.000197064,0,0.00026713,0.000237093,0,0,0,0,0,0.000259269,0,0,0,0.000873362,0.000306654,0,0,0,0,0,0.000662691,0.00066313
0.000320115,0.000379607,0.000150184,0.000793794,0,0,0,0.000264648,0,0,0,0.000207727,0,0.000254437,0,0.000130234,0,0.000504881,0,0.000475936,0.000536625,0.001082837,0,0.000384369,0.000266987,0,0,0.000643397,0.000968724,0.001637636,0.000228754,0.007037748,0.00131761,0.095398431,0.081996433,0,0.009342053,0.046348134,0,0.00519593,0,0.002805049,0.01310752,0.059738069,0.012929415,0.040646276,0.001772788,0.022365429,0.015599102,0.02242731,0.007971736,0.015647471,0.002374044,0.012548551,0.000252096,0.004563468,0.000195938,0.000652363,0.002962414,0.003863401,0.000626056,0.00729304,0.000246093,0.003788531,0.001876955,0.005283121,0.016774915,0.107988318,0,0.000519211,0.001345895,0.002122391,0.001993024,0.010959543,0.001073249,0.002606203,0.003680052,0.008479183,0,0.00177305,0.000713352,0.005192557,0.000641026,0.001839311,0.000990453,0.003227867,0.000276358,0.001115449,0.001941405,0.003341752,7.80E-05,8.32E-05,0,0,0,0.002328967,0,0,0,0.000624922,0,0,0,0,0,0.001168736,0.001253133,0,0,0.000538938,0.001768972,0,0,0,0,0.000726216,0,0.000931532
0.040206333,0.00107904,0.008014159,0.000773495,0.003167899,0,0.002859466,0.000632619,0.001828154,0.000155135,0.002473935,0,0.002094329,0.000420301,0.001770538,0,0.003931731,0.00052642,0.011077178,0.001192724,0.013068181,0.000285429,0.00100916,0.000105691,0.000925583,0.00018093,0.003106157,0,0.008330988,0.000358273,0.00066357,0.000315184,0.00865239,0.004340861,0.029179622,0.009342053,0,0.002910679,0.10923722,0.00015935,0.147822257,0,0.010681478,0.001954795,0.011916225,0.003801125,0.042371373,0.000731414,0.019012528,0.001941748,0.025678391,0.002899111,0.013217072,0.00079944,0.033889468,0.000200331,0.020038309,0.001941433,0.014244722,0.005390836,0.008918386,0.005061104,0.002972028,0.003086718,0.01488026,0.005753167,0.01468263,0.010618553,0.019169329,0.000907688,0.073595552,0.000508733,0.042677011,0.001345669,0.064772725,0.000839161,0.161727214,0.002717391,0.000609477,0.001194565,0.007052396,0.001513833,0.022035078,0.000130941,0.013212305,0.000847099,0.042085308,0.000284273,0.046348694,0.000550812,0.002209334,0.000365444,0.000767123,0.000492927,0.016234283,0.002963841,0.002541094,0.000173385,0.001607532,0.000310639,0.001026483,0.000196522,0.000514297,0.00026775,0.003703361,0.00236267,0.003382014,0.002366164,0.001737016,0.005979499,0.00044613,0.00026062,0.000596392,0.000293643,0.000308309,0.001318609,0.008421823,0
0.000491366,0.013872134,0.000398208,0.005509995,0,0.00107778,0.000111548,0.002712718,0,0.001376147,0,0.001980349,0,0.001248569,0,0.001060558,0.000175762,0.001169971,0.000102527,0.009650419,0,0.005003474,7.71E-05,0.002093035,0,0.000711617,0,0.002058037,0.000668412,0.004487747,0.000163345,0.001087041,0.002890792,0.00839347,0.007719298,0.046348134,0.002910679,0,0,0.149148288,0.000570858,0.119445234,0.002643824,0.010508515,0.002618424,0.016039575,0.000352133,0.014279062,0.003343509,0.013845928,0.003831268,0.017525378,0.001624109,0.008631682,0.000206526,0.036715454,0.000820561,0.006367993,0.008120179,0.008668593,0.003286433,0.00780964,0.002063983,0.003728133,0.002902758,0.010511908,0.010168225,0.026718048,0.000257649,0.004997769,0.001288556,0.055082625,0.002081707,0.02500414,0,0.030526028,0.004395604,0.175433073,0,0.000580973,0.001180928,0.007440532,0.000125149,0.014875178,0.001254768,0.013476927,0,0.033662949,0.001452322,0.028526473,0.000274386,0.0007259,0.000216943,0.000683761,0.001236285,0.007208766,0.000312965,0.000682419,0.000113598,0.002153515,0.00040282,0.000771828,0.000305623,0.000442537,0.000182,0.002899671,0.000597639,0.002589928,0.000672834,0.004437049,0.000436967,0,0,0.000285755,0.000299625,0.000639488,0,0.022308782
